16 0(777,110,1);1(223,311,1);2(240,320,1);3(208,321,1);4(207,283,1);5(257,311,1);6(223,273,1);7(273,300,1);8(240,302,1);9(225,330,1);10(207,301,1);11(223,293,1);12(207,265,1);13(256,291,1);14(240,282,1);15(209,340,1); 2236603
15 0(700,292,1);1(108,305,1);2(174,328,1);3(106,344,1);4(139,306,1);6(153,336,1);7(122,316,1);8(137,325,1);9(125,297,1);10(103,363,1);11(154,316,1);12(123,336,1);13(121,355,1);14(107,325,1);15(138,346,1); 2254633
16 0(684,301,1);1(234,318,1);2(298,301,1);3(249,291,1);4(266,282,1);5(234,282,1);6(282,310,1);7(250,272,1);8(265,300,1);9(234,300,1);10(233,338,1);11(282,291,1);12(249,329,1);13(249,310,1);14(234,263,1);15(265,319,1); 2255535
16 0(786,300,1);1(261,302,1);2(245,312,1);3(197,303,1);4(197,340,1);5(212,294,1);6(212,331,1);7(197,265,1);8(229,303,1);9(230,284,1);10(196,321,1);11(197,283,1);12(228,321,1);13(212,311,1);14(245,293,1);15(213,274,1); 2269963
16 0(684,300,1);1(234,285,1);2(200,284,1);3(199,321,1);4(216,331,1);5(248,313,1);6(216,294,1);7(266,304,1);8(232,303,1);9(218,275,1);10(216,312,1);11(249,294,1);12(233,323,1);13(201,265,1);14(200,302,1);15(199,340,1); 2307825
16 0(788,466,1);1(221,328,1);2(269,300,1);3(204,318,1);4(220,291,1);5(204,337,1);6(205,282,1);7(253,291,1);8(237,300,1);9(221,308,1);10(253,310,1);11(236,318,1);12(221,271,1);13(205,263,1);14(204,300,1);15(237,282,1); 2327659
16 0(686,298,1);1(240,301,1);2(175,283,1);3(208,320,1);4(224,311,1);5(176,320,1);6(192,273,1);7(192,330,1);8(207,301,1);9(176,264,1);10(208,283,1);11(176,302,1);12(223,291,1);13(193,311,1);14(177,339,1);15(191,291,1); 2346591
16 0(694,294,1);1(214,262,1);2(263,309,1);3(246,280,1);4(246,317,1);5(230,327,1);6(279,299,1);7(213,318,1);8(245,298,1);9(213,337,1);10(213,298,1);11(262,289,1);12(230,308,1);13(230,289,1);14(230,270,1);15(214,280,1); 2359217
16 0(635,405,1);1(220,295,1);2(235,285,1);3(250,274,1);4(220,314,1);5(204,304,1);6(251,294,1);7(237,324,1);8(235,304,1);9(270,341,1);10(268,264,1);11(268,303,1);12(267,283,1);13(252,333,1);14(270,323,1);15(252,314,1); 2392569
16 0(683,306,1);1(269,292,1);2(253,302,1);3(268,274,1);4(286,320,1);5(237,293,1);6(286,339,1);7(269,312,1);8(271,331,1);9(222,304,1);10(286,266,1);11(286,283,1);12(237,312,1);13(253,321,1);14(253,283,1);15(286,301,1); 2405193
16 0(480,400,1);1(301,282,1);2(301,301,1);3(284,329,1);4(284,275,1);5(268,283,1);6(301,339,1);7(236,302,1);8(268,301,1);9(301,264,1);10(283,311,1);11(252,292,1);12(252,311,1);13(301,320,1);14(268,319,1);15(283,293,1); 2411503
16 0(446,332,1);1(289,298,1);2(254,317,1);3(305,270,1);4(256,278,1);5(306,289,1);6(274,251,1);7(272,288,1);8(288,279,1);9(322,281,1);10(255,297,1);11(273,270,1);12(257,259,1);13(289,260,1);14(258,241,1);15(272,307,1); 2425923
16 0(442,292,1);1(226,318,1);2(195,301,1);3(258,318,1);4(226,281,1);5(242,328,1);6(260,281,1);7(226,299,1);8(242,308,1);9(259,337,1);10(211,290,1);11(243,291,1);12(243,272,1);13(259,300,1);14(260,263,1);15(210,309,1); 2426825
16 0(687,301,1);1(226,318,1);2(195,301,1);3(258,318,1);4(226,281,1);5(242,328,1);6(260,281,1);7(227,299,1);8(242,309,1);9(259,337,1);10(211,290,1);11(243,291,1);12(243,272,1);13(259,300,1);14(260,263,1);15(210,309,1); 2427727
16 0(782,222,1);1(278,296,1);2(273,256,1);3(245,280,1);4(258,267,1);5(247,299,1);6(248,318,1);7(274,275,1);8(282,315,1);9(233,311,1);10(229,290,1);11(262,287,1);12(263,307,1);13(217,304,1);14(265,326,1);15(284,334,1); 2442153
16 0(692,300,1);1(275,287,1);2(289,259,1);3(260,298,1);4(273,269,1);5(277,325,1);6(260,317,1);7(227,301,1);8(294,314,1);9(243,290,1);10(258,279,1);11(275,306,1);12(293,297,1);13(294,333,1);14(290,278,1);15(243,308,1); 2452071
16 0(687,300,1);1(263,309,1);2(279,298,1);3(295,325,1);4(314,316,1);5(297,308,1);6(293,270,1);7(247,301,1);8(294,287,1);9(312,296,1);10(277,279,1);11(279,317,1);12(313,334,1);13(263,290,1);14(311,278,1);15(309,259,1); 2469203
16 0(684,301,1);1(239,301,1);2(255,310,1);3(287,309,1);4(303,282,1);5(271,300,1);6(271,319,1);7(271,282,1);8(288,291,1);9(304,318,1);10(304,338,1);11(304,263,1);12(287,328,1);13(287,273,1);14(304,301,1);15(255,290,1); 2479121
16 0(756,275,1);1(258,286,1);2(257,306,1);3(241,296,1);4(275,316,1);5(305,297,1);6(274,277,1);7(241,335,1);8(273,295,1);9(241,277,1);10(241,315,1);11(241,257,1);12(257,325,1);13(258,267,1);14(290,306,1);15(289,286,1); 2507981
16 0(816,288,1);1(208,303,1);2(225,276,1);3(223,313,1);4(208,266,1);5(241,287,1);6(272,306,1);7(256,316,1);8(240,306,1);9(238,324,1);10(256,297,1);11(205,341,1);12(223,333,1);13(207,321,1);14(225,294,1);15(208,284,1); 2520603
16 0(783,190,1);1(216,311,1);2(200,302,1);3(233,320,1);4(200,340,1);5(200,283,1);6(216,273,1);7(249,292,1);8(232,300,1);9(200,321,1);10(200,264,1);11(216,331,1);12(249,311,1);13(265,301,1);14(216,293,1);15(233,283,1); 4687403
16 0(581,338,1);1(316,300,1);2(251,263,1);3(252,338,1);4(267,309,1);5(284,281,1);6(284,319,1);7(251,301,1);8(285,302,1);9(250,319,1);10(268,329,1);11(250,282,1);12(299,290,1);13(301,310,1);14(267,272,1);15(268,291,1); 4699123
16 0(804,432,1);1(222,290,1);2(225,308,1);3(206,281,1);4(209,319,1);5(255,286,1);6(222,271,1);7(256,305,1);8(238,296,1);9(205,262,1);10(211,339,1);11(226,326,1);12(206,300,1);13(241,316,1);14(238,278,1);15(274,294,1); 4716255
16 0(800,202,1);1(226,259,1);2(260,280,1);3(226,315,1);4(241,326,1);5(243,289,1);6(291,301,1);7(227,279,1);8(258,298,1);9(274,308,1);10(223,335,1);11(274,290,1);12(243,270,1);13(242,307,1);14(226,297,1);15(258,319,1); 4770350
16 0(698,208,1);1(216,320,1);2(215,284,1);3(264,292,1);4(233,331,1);5(231,273,1);6(216,264,1);7(264,310,1);8(248,301,1);9(231,311,1);10(231,292,1);11(216,301,1);12(249,320,1);13(216,339,1);14(248,282,1);15(280,301,1); 4800107
16 0(769,253,1);1(233,323,1);2(267,307,1);3(236,266,1);4(266,286,1);5(220,275,1);6(234,304,1);7(216,312,1);8(251,296,1);9(219,295,1);10(216,331,1);11(234,286,1);12(283,299,1);13(220,257,1);14(250,315,1);15(252,276,1); 4810025
16 0(768,357,1);1(218,331,1);2(266,302,1);3(218,293,1);4(249,311,1);5(201,322,1);6(233,283,1);7(201,266,1);8(234,302,1);9(201,284,1);10(201,341,1);11(249,293,1);12(201,302,1);13(234,321,1);14(218,311,1);15(217,274,1); 4880332
16 0(681,478,1);1(116,315,1);2(99,269,1);3(148,278,1);4(148,297,1);5(116,278,1);6(132,268,1);7(99,305,1);8(132,287,1);9(116,297,1);10(99,250,1);11(100,288,1);12(167,289,1);13(99,325,1);14(132,306,1);15(116,259,1); 4888444
16 0(752,364,1);1(105,344,1);2(82,301,1);3(132,302,1);4(77,282,1);5(115,296,1);6(89,337,1);7(135,322,1);8(117,313,1);9(96,290,1);10(86,319,1);11(101,308,1);12(121,333,1);13(148,310,1);14(103,326,1);15(90,357,1); 4895656
16 0(781,394,1);1(232,283,1);2(248,293,1);3(280,311,1);4(248,330,1);5(231,320,1);6(248,274,1);7(280,291,1);8(264,301,1);9(230,339,1);10(264,320,1);11(231,301,1);12(247,311,1);13(264,282,1);14(232,264,1);15(297,300,1); 4905574
16 0(764,394,1);1(231,307,1);2(264,308,1);3(215,317,1);4(230,326,1);5(231,270,1);6(263,288,1);7(214,297,1);8(246,297,1);9(248,317,1);10(214,336,1);11(279,297,1);12(215,261,1);13(247,279,1);14(215,280,1);15(231,288,1); 4914590
16 0(754,323,1);1(240,282,1);2(256,291,1);3(226,328,1);4(223,271,1);5(223,291,1);6(256,309,1);7(207,283,1);8(240,300,1);9(240,318,1);10(208,319,1);11(273,299,1);12(206,263,1);13(208,339,1);14(223,310,1);15(207,301,1); 4923604
